{
 "cells": [
  {
   "cell_type": "code",
   "execution_count": 1,
   "metadata": {},
   "outputs": [],
   "source": [
    "input_str=input(\"意味類似度ネットワークを作りたい単語を入力してください===>\")"
   ]
  },
  {
   "cell_type": "code",
   "execution_count": 4,
   "metadata": {},
   "outputs": [
    {
     "name": "stdout",
     "output_type": "stream",
     "text": [
      "293753\n"
     ]
    },
    {
     "ename": "NameError",
     "evalue": "name 'input_str' is not defined",
     "output_type": "error",
     "traceback": [
      "\u001b[1;31m---------------------------------------------------------------------------\u001b[0m",
      "\u001b[1;31mNameError\u001b[0m                                 Traceback (most recent call last)",
      "Cell \u001b[1;32mIn[4], line 11\u001b[0m\n\u001b[0;32m      8\u001b[0m \u001b[39mprint\u001b[39m(\u001b[39mlen\u001b[39m(model\u001b[39m.\u001b[39mwv\u001b[39m.\u001b[39mkey_to_index))\n\u001b[0;32m     10\u001b[0m \u001b[39m# 「群馬」に似ている単語TOP7を書き出す\u001b[39;00m\n\u001b[1;32m---> 11\u001b[0m out \u001b[39m=\u001b[39m model\u001b[39m.\u001b[39mwv\u001b[39m.\u001b[39mmost_similar(positive\u001b[39m=\u001b[39m[input_str], topn\u001b[39m=\u001b[39m\u001b[39m10\u001b[39m)\n\u001b[0;32m     12\u001b[0m \u001b[39mprint\u001b[39m(out)\n",
      "\u001b[1;31mNameError\u001b[0m: name 'input_str' is not defined"
     ]
    }
   ],
   "source": [
    "from gensim.models import Word2Vec\n",
    "\n",
    "# 学習済みモデルのロード\n",
    "model_file_path = '../../KITERETU/gw2v160.model'\n",
    "model = Word2Vec.load(model_file_path)\n",
    "\n",
    "# モデル内に登録されている単語リストの長さをlen関数で見る（＝単語数）\n",
    "print(len(model.wv.key_to_index))\n",
    "\n",
    "# 「群馬」に似ている単語TOP7を書き出す\n",
    "out = model.wv.most_similar(positive=[input_str], topn=10)\n",
    "print(out)\n"
   ]
  },
  {
   "cell_type": "code",
   "execution_count": 3,
   "metadata": {},
   "outputs": [
    {
     "name": "stdout",
     "output_type": "stream",
     "text": [
      "[('群馬県', 0.7760874032974243), ('栃木', 0.7456161379814148), ('前橋', 0.7389767169952393), ('埼玉', 0.7216979265213013), ('高崎', 0.6891007423400879), ('伊勢崎', 0.6693983674049377), ('茨城', 0.6651455163955688), ('高崎市', 0.6536263227462769), ('群馬県前橋市', 0.6474608778953552), ('栃木県', 0.6421990990638733)]\n",
      "群馬県 0.7760874032974243\n",
      "栃木 0.7456161379814148\n",
      "前橋 0.7389767169952393\n",
      "埼玉 0.7216979265213013\n",
      "高崎 0.6891007423400879\n",
      "伊勢崎 0.6693983674049377\n",
      "茨城 0.6651455163955688\n",
      "高崎市 0.6536263227462769\n",
      "群馬県前橋市 0.6474608778953552\n",
      "栃木県 0.6421990990638733\n"
     ]
    }
   ],
   "source": [
    "print(out)\n",
    "\n",
    "#AtCoderでよく使う辞書処理を使って県と数値を取り出す\n",
    "pre=[]\n",
    "for prefecture, value in out:\n",
    "    print(prefecture, value)\n",
    "    pre.append(prefecture)"
   ]
  },
  {
   "attachments": {},
   "cell_type": "markdown",
   "metadata": {},
   "source": [
    "実装方式に教授の考え方をそのまま応用<br>\n",
    "\n",
    "それぞれのネットワーク的な接続を数値で表す。<br>\n",
    "表し方としては、2次元配列を用いる<br>"
   ]
  },
  {
   "cell_type": "code",
   "execution_count": 6,
   "metadata": {},
   "outputs": [
    {
     "data": {
      "text/html": [
       "<div>\n",
       "<style scoped>\n",
       "    .dataframe tbody tr th:only-of-type {\n",
       "        vertical-align: middle;\n",
       "    }\n",
       "\n",
       "    .dataframe tbody tr th {\n",
       "        vertical-align: top;\n",
       "    }\n",
       "\n",
       "    .dataframe thead th {\n",
       "        text-align: right;\n",
       "    }\n",
       "</style>\n",
       "<table border=\"1\" class=\"dataframe\">\n",
       "  <thead>\n",
       "    <tr style=\"text-align: right;\">\n",
       "      <th>col_0</th>\n",
       "      <th>伊勢崎</th>\n",
       "      <th>前橋</th>\n",
       "      <th>埼玉</th>\n",
       "      <th>栃木</th>\n",
       "      <th>栃木県</th>\n",
       "      <th>群馬県</th>\n",
       "      <th>群馬県前橋市</th>\n",
       "      <th>茨城</th>\n",
       "      <th>高崎</th>\n",
       "      <th>高崎市</th>\n",
       "    </tr>\n",
       "    <tr>\n",
       "      <th>row_0</th>\n",
       "      <th></th>\n",
       "      <th></th>\n",
       "      <th></th>\n",
       "      <th></th>\n",
       "      <th></th>\n",
       "      <th></th>\n",
       "      <th></th>\n",
       "      <th></th>\n",
       "      <th></th>\n",
       "      <th></th>\n",
       "    </tr>\n",
       "  </thead>\n",
       "  <tbody>\n",
       "    <tr>\n",
       "      <th>伊勢崎</th>\n",
       "      <td>1</td>\n",
       "      <td>0</td>\n",
       "      <td>0</td>\n",
       "      <td>0</td>\n",
       "      <td>0</td>\n",
       "      <td>0</td>\n",
       "      <td>0</td>\n",
       "      <td>0</td>\n",
       "      <td>0</td>\n",
       "      <td>0</td>\n",
       "    </tr>\n",
       "    <tr>\n",
       "      <th>前橋</th>\n",
       "      <td>0</td>\n",
       "      <td>1</td>\n",
       "      <td>0</td>\n",
       "      <td>0</td>\n",
       "      <td>0</td>\n",
       "      <td>0</td>\n",
       "      <td>0</td>\n",
       "      <td>0</td>\n",
       "      <td>0</td>\n",
       "      <td>0</td>\n",
       "    </tr>\n",
       "    <tr>\n",
       "      <th>埼玉</th>\n",
       "      <td>0</td>\n",
       "      <td>0</td>\n",
       "      <td>1</td>\n",
       "      <td>0</td>\n",
       "      <td>0</td>\n",
       "      <td>0</td>\n",
       "      <td>0</td>\n",
       "      <td>0</td>\n",
       "      <td>0</td>\n",
       "      <td>0</td>\n",
       "    </tr>\n",
       "    <tr>\n",
       "      <th>栃木</th>\n",
       "      <td>0</td>\n",
       "      <td>0</td>\n",
       "      <td>0</td>\n",
       "      <td>1</td>\n",
       "      <td>0</td>\n",
       "      <td>0</td>\n",
       "      <td>0</td>\n",
       "      <td>0</td>\n",
       "      <td>0</td>\n",
       "      <td>0</td>\n",
       "    </tr>\n",
       "    <tr>\n",
       "      <th>栃木県</th>\n",
       "      <td>0</td>\n",
       "      <td>0</td>\n",
       "      <td>0</td>\n",
       "      <td>0</td>\n",
       "      <td>1</td>\n",
       "      <td>0</td>\n",
       "      <td>0</td>\n",
       "      <td>0</td>\n",
       "      <td>0</td>\n",
       "      <td>0</td>\n",
       "    </tr>\n",
       "    <tr>\n",
       "      <th>群馬県</th>\n",
       "      <td>0</td>\n",
       "      <td>0</td>\n",
       "      <td>0</td>\n",
       "      <td>0</td>\n",
       "      <td>0</td>\n",
       "      <td>1</td>\n",
       "      <td>0</td>\n",
       "      <td>0</td>\n",
       "      <td>0</td>\n",
       "      <td>0</td>\n",
       "    </tr>\n",
       "    <tr>\n",
       "      <th>群馬県前橋市</th>\n",
       "      <td>0</td>\n",
       "      <td>0</td>\n",
       "      <td>0</td>\n",
       "      <td>0</td>\n",
       "      <td>0</td>\n",
       "      <td>0</td>\n",
       "      <td>1</td>\n",
       "      <td>0</td>\n",
       "      <td>0</td>\n",
       "      <td>0</td>\n",
       "    </tr>\n",
       "    <tr>\n",
       "      <th>茨城</th>\n",
       "      <td>0</td>\n",
       "      <td>0</td>\n",
       "      <td>0</td>\n",
       "      <td>0</td>\n",
       "      <td>0</td>\n",
       "      <td>0</td>\n",
       "      <td>0</td>\n",
       "      <td>1</td>\n",
       "      <td>0</td>\n",
       "      <td>0</td>\n",
       "    </tr>\n",
       "    <tr>\n",
       "      <th>高崎</th>\n",
       "      <td>0</td>\n",
       "      <td>0</td>\n",
       "      <td>0</td>\n",
       "      <td>0</td>\n",
       "      <td>0</td>\n",
       "      <td>0</td>\n",
       "      <td>0</td>\n",
       "      <td>0</td>\n",
       "      <td>1</td>\n",
       "      <td>0</td>\n",
       "    </tr>\n",
       "    <tr>\n",
       "      <th>高崎市</th>\n",
       "      <td>0</td>\n",
       "      <td>0</td>\n",
       "      <td>0</td>\n",
       "      <td>0</td>\n",
       "      <td>0</td>\n",
       "      <td>0</td>\n",
       "      <td>0</td>\n",
       "      <td>0</td>\n",
       "      <td>0</td>\n",
       "      <td>1</td>\n",
       "    </tr>\n",
       "  </tbody>\n",
       "</table>\n",
       "</div>"
      ],
      "text/plain": [
       "col_0   伊勢崎  前橋  埼玉  栃木  栃木県  群馬県  群馬県前橋市  茨城  高崎  高崎市\n",
       "row_0                                                 \n",
       "伊勢崎       1   0   0   0    0    0       0   0   0    0\n",
       "前橋        0   1   0   0    0    0       0   0   0    0\n",
       "埼玉        0   0   1   0    0    0       0   0   0    0\n",
       "栃木        0   0   0   1    0    0       0   0   0    0\n",
       "栃木県       0   0   0   0    1    0       0   0   0    0\n",
       "群馬県       0   0   0   0    0    1       0   0   0    0\n",
       "群馬県前橋市    0   0   0   0    0    0       1   0   0    0\n",
       "茨城        0   0   0   0    0    0       0   1   0    0\n",
       "高崎        0   0   0   0    0    0       0   0   1    0\n",
       "高崎市       0   0   0   0    0    0       0   0   0    1"
      ]
     },
     "execution_count": 6,
     "metadata": {},
     "output_type": "execute_result"
    }
   ],
   "source": [
    "import pandas\n",
    "\n",
    "df = pandas.crosstab(pre, pre)\n",
    "df"
   ]
  },
  {
   "cell_type": "code",
   "execution_count": 12,
   "metadata": {},
   "outputs": [
    {
     "name": "stdout",
     "output_type": "stream",
     "text": [
      "1\n",
      "0.5918216705322266\n",
      "0.591719388961792\n",
      "0.6326767802238464\n",
      "0.6295509338378906\n",
      "0.6095383167266846\n",
      "0.6084958910942078\n",
      "0.7073972821235657\n",
      "0.6774795055389404\n",
      "0.8213344812393188\n",
      "0.5918216705322266\n",
      "1.0\n",
      "0.6043607592582703\n",
      "0.6700299978256226\n",
      "0.581305980682373\n",
      "0.5531969666481018\n",
      "0.6931885480880737\n",
      "0.5274909138679504\n",
      "0.5314280986785889\n",
      "0.7412744760513306\n",
      "0.591719388961792\n",
      "0.6043607592582703\n",
      "1.0\n",
      "0.6039961576461792\n",
      "0.7543151378631592\n",
      "0.7266143560409546\n",
      "0.5755583047866821\n",
      "0.7066522836685181\n",
      "0.6305983662605286\n",
      "0.5202921628952026\n",
      "0.6326767802238464\n",
      "0.6700299978256226\n",
      "0.6039961576461792\n",
      "1.0\n",
      "0.6105243563652039\n",
      "0.5599026679992676\n",
      "0.6691727638244629\n",
      "0.5449333786964417\n",
      "0.508543848991394\n",
      "0.574725866317749\n",
      "0.6295509338378906\n",
      "0.581305980682373\n",
      "0.7543151378631592\n",
      "0.6105243563652039\n",
      "1.0\n",
      "0.6967921853065491\n",
      "0.5794363021850586\n",
      "0.6546974778175354\n",
      "0.545935332775116\n",
      "0.5461968183517456\n",
      "0.6095383167266846\n",
      "0.5531969666481018\n",
      "0.7266143560409546\n",
      "0.5599026679992676\n",
      "0.6967921853065491\n",
      "1.0\n",
      "0.5426161885261536\n",
      "0.6074250936508179\n",
      "0.5358428359031677\n",
      "0.5688176155090332\n",
      "0.6084958910942078\n",
      "0.6931885480880737\n",
      "0.5755583047866821\n",
      "0.6691727638244629\n",
      "0.5794363021850586\n",
      "0.5426161885261536\n",
      "1.0\n",
      "0.5173842906951904\n",
      "0.4877132177352905\n",
      "0.6473369598388672\n",
      "0.7073972821235657\n",
      "0.5274909138679504\n",
      "0.7066522836685181\n",
      "0.5449333786964417\n",
      "0.6546974778175354\n",
      "0.6074250936508179\n",
      "0.5173842906951904\n",
      "1.0\n",
      "0.6311331391334534\n",
      "0.5847678780555725\n",
      "0.6774795055389404\n",
      "0.5314280986785889\n",
      "0.6305983662605286\n",
      "0.508543848991394\n",
      "0.545935332775116\n",
      "0.5358428359031677\n",
      "0.4877132177352905\n",
      "0.6311331391334534\n",
      "1.0\n",
      "0.5908052921295166\n",
      "0.8213344812393188\n",
      "0.7412744760513306\n",
      "0.5202921628952026\n",
      "0.574725866317749\n",
      "0.5461968183517456\n",
      "0.5688176155090332\n",
      "0.6473369598388672\n",
      "0.5847678780555725\n",
      "0.5908052921295166\n",
      "1.0\n"
     ]
    }
   ],
   "source": [
    "for i in pre:\n",
    "    for j in pre:\n",
    "        #0を除外する処理を入れていないので計算数がその分多い\n",
    "        df.loc[i,j]=model.wv.similarity(i,j)\n",
    "        print(df.loc[i,j])\n",
    "        #print(df.loc['Bob', 'age'])\n",
    "        #df.iloc[1,0]"
   ]
  },
  {
   "cell_type": "code",
   "execution_count": 13,
   "metadata": {},
   "outputs": [
    {
     "data": {
      "text/html": [
       "<div>\n",
       "<style scoped>\n",
       "    .dataframe tbody tr th:only-of-type {\n",
       "        vertical-align: middle;\n",
       "    }\n",
       "\n",
       "    .dataframe tbody tr th {\n",
       "        vertical-align: top;\n",
       "    }\n",
       "\n",
       "    .dataframe thead th {\n",
       "        text-align: right;\n",
       "    }\n",
       "</style>\n",
       "<table border=\"1\" class=\"dataframe\">\n",
       "  <thead>\n",
       "    <tr style=\"text-align: right;\">\n",
       "      <th>col_0</th>\n",
       "      <th>伊勢崎</th>\n",
       "      <th>前橋</th>\n",
       "      <th>埼玉</th>\n",
       "      <th>栃木</th>\n",
       "      <th>栃木県</th>\n",
       "      <th>群馬県</th>\n",
       "      <th>群馬県前橋市</th>\n",
       "      <th>茨城</th>\n",
       "      <th>高崎</th>\n",
       "      <th>高崎市</th>\n",
       "    </tr>\n",
       "    <tr>\n",
       "      <th>row_0</th>\n",
       "      <th></th>\n",
       "      <th></th>\n",
       "      <th></th>\n",
       "      <th></th>\n",
       "      <th></th>\n",
       "      <th></th>\n",
       "      <th></th>\n",
       "      <th></th>\n",
       "      <th></th>\n",
       "      <th></th>\n",
       "    </tr>\n",
       "  </thead>\n",
       "  <tbody>\n",
       "    <tr>\n",
       "      <th>伊勢崎</th>\n",
       "      <td>1.000000</td>\n",
       "      <td>0.726614</td>\n",
       "      <td>0.559903</td>\n",
       "      <td>0.553197</td>\n",
       "      <td>0.568818</td>\n",
       "      <td>0.609538</td>\n",
       "      <td>0.535843</td>\n",
       "      <td>0.542616</td>\n",
       "      <td>0.696792</td>\n",
       "      <td>0.607425</td>\n",
       "    </tr>\n",
       "    <tr>\n",
       "      <th>前橋</th>\n",
       "      <td>0.726614</td>\n",
       "      <td>1.000000</td>\n",
       "      <td>0.603996</td>\n",
       "      <td>0.604361</td>\n",
       "      <td>0.520292</td>\n",
       "      <td>0.591719</td>\n",
       "      <td>0.630598</td>\n",
       "      <td>0.575558</td>\n",
       "      <td>0.754315</td>\n",
       "      <td>0.706652</td>\n",
       "    </tr>\n",
       "    <tr>\n",
       "      <th>埼玉</th>\n",
       "      <td>0.559903</td>\n",
       "      <td>0.603996</td>\n",
       "      <td>1.000000</td>\n",
       "      <td>0.670030</td>\n",
       "      <td>0.574726</td>\n",
       "      <td>0.632677</td>\n",
       "      <td>0.508544</td>\n",
       "      <td>0.669173</td>\n",
       "      <td>0.610524</td>\n",
       "      <td>0.544933</td>\n",
       "    </tr>\n",
       "    <tr>\n",
       "      <th>栃木</th>\n",
       "      <td>0.553197</td>\n",
       "      <td>0.604361</td>\n",
       "      <td>0.670030</td>\n",
       "      <td>1.000000</td>\n",
       "      <td>0.741274</td>\n",
       "      <td>0.591822</td>\n",
       "      <td>0.531428</td>\n",
       "      <td>0.693189</td>\n",
       "      <td>0.581306</td>\n",
       "      <td>0.527491</td>\n",
       "    </tr>\n",
       "    <tr>\n",
       "      <th>栃木県</th>\n",
       "      <td>0.568818</td>\n",
       "      <td>0.520292</td>\n",
       "      <td>0.574726</td>\n",
       "      <td>0.741274</td>\n",
       "      <td>1.000000</td>\n",
       "      <td>0.821334</td>\n",
       "      <td>0.590805</td>\n",
       "      <td>0.647337</td>\n",
       "      <td>0.546197</td>\n",
       "      <td>0.584768</td>\n",
       "    </tr>\n",
       "    <tr>\n",
       "      <th>群馬県</th>\n",
       "      <td>0.609538</td>\n",
       "      <td>0.591719</td>\n",
       "      <td>0.632677</td>\n",
       "      <td>0.591822</td>\n",
       "      <td>0.821334</td>\n",
       "      <td>1.000000</td>\n",
       "      <td>0.677480</td>\n",
       "      <td>0.608496</td>\n",
       "      <td>0.629551</td>\n",
       "      <td>0.707397</td>\n",
       "    </tr>\n",
       "    <tr>\n",
       "      <th>群馬県前橋市</th>\n",
       "      <td>0.535843</td>\n",
       "      <td>0.630598</td>\n",
       "      <td>0.508544</td>\n",
       "      <td>0.531428</td>\n",
       "      <td>0.590805</td>\n",
       "      <td>0.677480</td>\n",
       "      <td>1.000000</td>\n",
       "      <td>0.487713</td>\n",
       "      <td>0.545935</td>\n",
       "      <td>0.631133</td>\n",
       "    </tr>\n",
       "    <tr>\n",
       "      <th>茨城</th>\n",
       "      <td>0.542616</td>\n",
       "      <td>0.575558</td>\n",
       "      <td>0.669173</td>\n",
       "      <td>0.693189</td>\n",
       "      <td>0.647337</td>\n",
       "      <td>0.608496</td>\n",
       "      <td>0.487713</td>\n",
       "      <td>1.000000</td>\n",
       "      <td>0.579436</td>\n",
       "      <td>0.517384</td>\n",
       "    </tr>\n",
       "    <tr>\n",
       "      <th>高崎</th>\n",
       "      <td>0.696792</td>\n",
       "      <td>0.754315</td>\n",
       "      <td>0.610524</td>\n",
       "      <td>0.581306</td>\n",
       "      <td>0.546197</td>\n",
       "      <td>0.629551</td>\n",
       "      <td>0.545935</td>\n",
       "      <td>0.579436</td>\n",
       "      <td>1.000000</td>\n",
       "      <td>0.654697</td>\n",
       "    </tr>\n",
       "    <tr>\n",
       "      <th>高崎市</th>\n",
       "      <td>0.607425</td>\n",
       "      <td>0.706652</td>\n",
       "      <td>0.544933</td>\n",
       "      <td>0.527491</td>\n",
       "      <td>0.584768</td>\n",
       "      <td>0.707397</td>\n",
       "      <td>0.631133</td>\n",
       "      <td>0.517384</td>\n",
       "      <td>0.654697</td>\n",
       "      <td>1.000000</td>\n",
       "    </tr>\n",
       "  </tbody>\n",
       "</table>\n",
       "</div>"
      ],
      "text/plain": [
       "col_0        伊勢崎        前橋        埼玉        栃木       栃木県       群馬県    群馬県前橋市   \n",
       "row_0                                                                          \n",
       "伊勢崎     1.000000  0.726614  0.559903  0.553197  0.568818  0.609538  0.535843  \\\n",
       "前橋      0.726614  1.000000  0.603996  0.604361  0.520292  0.591719  0.630598   \n",
       "埼玉      0.559903  0.603996  1.000000  0.670030  0.574726  0.632677  0.508544   \n",
       "栃木      0.553197  0.604361  0.670030  1.000000  0.741274  0.591822  0.531428   \n",
       "栃木県     0.568818  0.520292  0.574726  0.741274  1.000000  0.821334  0.590805   \n",
       "群馬県     0.609538  0.591719  0.632677  0.591822  0.821334  1.000000  0.677480   \n",
       "群馬県前橋市  0.535843  0.630598  0.508544  0.531428  0.590805  0.677480  1.000000   \n",
       "茨城      0.542616  0.575558  0.669173  0.693189  0.647337  0.608496  0.487713   \n",
       "高崎      0.696792  0.754315  0.610524  0.581306  0.546197  0.629551  0.545935   \n",
       "高崎市     0.607425  0.706652  0.544933  0.527491  0.584768  0.707397  0.631133   \n",
       "\n",
       "col_0         茨城        高崎       高崎市  \n",
       "row_0                                 \n",
       "伊勢崎     0.542616  0.696792  0.607425  \n",
       "前橋      0.575558  0.754315  0.706652  \n",
       "埼玉      0.669173  0.610524  0.544933  \n",
       "栃木      0.693189  0.581306  0.527491  \n",
       "栃木県     0.647337  0.546197  0.584768  \n",
       "群馬県     0.608496  0.629551  0.707397  \n",
       "群馬県前橋市  0.487713  0.545935  0.631133  \n",
       "茨城      1.000000  0.579436  0.517384  \n",
       "高崎      0.579436  1.000000  0.654697  \n",
       "高崎市     0.517384  0.654697  1.000000  "
      ]
     },
     "execution_count": 13,
     "metadata": {},
     "output_type": "execute_result"
    }
   ],
   "source": [
    "df"
   ]
  },
  {
   "cell_type": "code",
   "execution_count": 15,
   "metadata": {},
   "outputs": [
    {
     "name": "stderr",
     "output_type": "stream",
     "text": [
      "c:\\Users\\IRSL27\\anaconda3\\lib\\site-packages\\seaborn\\utils.py:80: UserWarning: Glyph 20234 (\\N{CJK UNIFIED IDEOGRAPH-4F0A}) missing from current font.\n",
      "  fig.canvas.draw()\n",
      "c:\\Users\\IRSL27\\anaconda3\\lib\\site-packages\\seaborn\\utils.py:80: UserWarning: Glyph 21218 (\\N{CJK UNIFIED IDEOGRAPH-52E2}) missing from current font.\n",
      "  fig.canvas.draw()\n",
      "c:\\Users\\IRSL27\\anaconda3\\lib\\site-packages\\seaborn\\utils.py:80: UserWarning: Glyph 23822 (\\N{CJK UNIFIED IDEOGRAPH-5D0E}) missing from current font.\n",
      "  fig.canvas.draw()\n",
      "c:\\Users\\IRSL27\\anaconda3\\lib\\site-packages\\seaborn\\utils.py:80: UserWarning: Glyph 21069 (\\N{CJK UNIFIED IDEOGRAPH-524D}) missing from current font.\n",
      "  fig.canvas.draw()\n",
      "c:\\Users\\IRSL27\\anaconda3\\lib\\site-packages\\seaborn\\utils.py:80: UserWarning: Glyph 27211 (\\N{CJK UNIFIED IDEOGRAPH-6A4B}) missing from current font.\n",
      "  fig.canvas.draw()\n",
      "c:\\Users\\IRSL27\\anaconda3\\lib\\site-packages\\seaborn\\utils.py:80: UserWarning: Glyph 22524 (\\N{CJK UNIFIED IDEOGRAPH-57FC}) missing from current font.\n",
      "  fig.canvas.draw()\n",
      "c:\\Users\\IRSL27\\anaconda3\\lib\\site-packages\\seaborn\\utils.py:80: UserWarning: Glyph 29577 (\\N{CJK UNIFIED IDEOGRAPH-7389}) missing from current font.\n",
      "  fig.canvas.draw()\n",
      "c:\\Users\\IRSL27\\anaconda3\\lib\\site-packages\\seaborn\\utils.py:80: UserWarning: Glyph 26627 (\\N{CJK UNIFIED IDEOGRAPH-6803}) missing from current font.\n",
      "  fig.canvas.draw()\n",
      "c:\\Users\\IRSL27\\anaconda3\\lib\\site-packages\\seaborn\\utils.py:80: UserWarning: Glyph 26408 (\\N{CJK UNIFIED IDEOGRAPH-6728}) missing from current font.\n",
      "  fig.canvas.draw()\n",
      "c:\\Users\\IRSL27\\anaconda3\\lib\\site-packages\\seaborn\\utils.py:80: UserWarning: Glyph 30476 (\\N{CJK UNIFIED IDEOGRAPH-770C}) missing from current font.\n",
      "  fig.canvas.draw()\n",
      "c:\\Users\\IRSL27\\anaconda3\\lib\\site-packages\\seaborn\\utils.py:80: UserWarning: Glyph 32676 (\\N{CJK UNIFIED IDEOGRAPH-7FA4}) missing from current font.\n",
      "  fig.canvas.draw()\n",
      "c:\\Users\\IRSL27\\anaconda3\\lib\\site-packages\\seaborn\\utils.py:80: UserWarning: Glyph 39340 (\\N{CJK UNIFIED IDEOGRAPH-99AC}) missing from current font.\n",
      "  fig.canvas.draw()\n",
      "c:\\Users\\IRSL27\\anaconda3\\lib\\site-packages\\seaborn\\utils.py:80: UserWarning: Glyph 24066 (\\N{CJK UNIFIED IDEOGRAPH-5E02}) missing from current font.\n",
      "  fig.canvas.draw()\n",
      "c:\\Users\\IRSL27\\anaconda3\\lib\\site-packages\\seaborn\\utils.py:80: UserWarning: Glyph 33576 (\\N{CJK UNIFIED IDEOGRAPH-8328}) missing from current font.\n",
      "  fig.canvas.draw()\n",
      "c:\\Users\\IRSL27\\anaconda3\\lib\\site-packages\\seaborn\\utils.py:80: UserWarning: Glyph 22478 (\\N{CJK UNIFIED IDEOGRAPH-57CE}) missing from current font.\n",
      "  fig.canvas.draw()\n",
      "c:\\Users\\IRSL27\\anaconda3\\lib\\site-packages\\seaborn\\utils.py:80: UserWarning: Glyph 39640 (\\N{CJK UNIFIED IDEOGRAPH-9AD8}) missing from current font.\n",
      "  fig.canvas.draw()\n",
      "C:\\Users\\IRSL27\\AppData\\Local\\Temp\\ipykernel_5448\\1515683530.py:9: UserWarning: Glyph 20234 (\\N{CJK UNIFIED IDEOGRAPH-4F0A}) missing from current font.\n",
      "  plt.savefig('eaborn_heatmap_dataframe.png')\n",
      "C:\\Users\\IRSL27\\AppData\\Local\\Temp\\ipykernel_5448\\1515683530.py:9: UserWarning: Glyph 21218 (\\N{CJK UNIFIED IDEOGRAPH-52E2}) missing from current font.\n",
      "  plt.savefig('eaborn_heatmap_dataframe.png')\n",
      "C:\\Users\\IRSL27\\AppData\\Local\\Temp\\ipykernel_5448\\1515683530.py:9: UserWarning: Glyph 23822 (\\N{CJK UNIFIED IDEOGRAPH-5D0E}) missing from current font.\n",
      "  plt.savefig('eaborn_heatmap_dataframe.png')\n",
      "C:\\Users\\IRSL27\\AppData\\Local\\Temp\\ipykernel_5448\\1515683530.py:9: UserWarning: Glyph 21069 (\\N{CJK UNIFIED IDEOGRAPH-524D}) missing from current font.\n",
      "  plt.savefig('eaborn_heatmap_dataframe.png')\n",
      "C:\\Users\\IRSL27\\AppData\\Local\\Temp\\ipykernel_5448\\1515683530.py:9: UserWarning: Glyph 27211 (\\N{CJK UNIFIED IDEOGRAPH-6A4B}) missing from current font.\n",
      "  plt.savefig('eaborn_heatmap_dataframe.png')\n",
      "C:\\Users\\IRSL27\\AppData\\Local\\Temp\\ipykernel_5448\\1515683530.py:9: UserWarning: Glyph 22524 (\\N{CJK UNIFIED IDEOGRAPH-57FC}) missing from current font.\n",
      "  plt.savefig('eaborn_heatmap_dataframe.png')\n",
      "C:\\Users\\IRSL27\\AppData\\Local\\Temp\\ipykernel_5448\\1515683530.py:9: UserWarning: Glyph 29577 (\\N{CJK UNIFIED IDEOGRAPH-7389}) missing from current font.\n",
      "  plt.savefig('eaborn_heatmap_dataframe.png')\n",
      "C:\\Users\\IRSL27\\AppData\\Local\\Temp\\ipykernel_5448\\1515683530.py:9: UserWarning: Glyph 26627 (\\N{CJK UNIFIED IDEOGRAPH-6803}) missing from current font.\n",
      "  plt.savefig('eaborn_heatmap_dataframe.png')\n",
      "C:\\Users\\IRSL27\\AppData\\Local\\Temp\\ipykernel_5448\\1515683530.py:9: UserWarning: Glyph 26408 (\\N{CJK UNIFIED IDEOGRAPH-6728}) missing from current font.\n",
      "  plt.savefig('eaborn_heatmap_dataframe.png')\n",
      "C:\\Users\\IRSL27\\AppData\\Local\\Temp\\ipykernel_5448\\1515683530.py:9: UserWarning: Glyph 30476 (\\N{CJK UNIFIED IDEOGRAPH-770C}) missing from current font.\n",
      "  plt.savefig('eaborn_heatmap_dataframe.png')\n",
      "C:\\Users\\IRSL27\\AppData\\Local\\Temp\\ipykernel_5448\\1515683530.py:9: UserWarning: Glyph 32676 (\\N{CJK UNIFIED IDEOGRAPH-7FA4}) missing from current font.\n",
      "  plt.savefig('eaborn_heatmap_dataframe.png')\n",
      "C:\\Users\\IRSL27\\AppData\\Local\\Temp\\ipykernel_5448\\1515683530.py:9: UserWarning: Glyph 39340 (\\N{CJK UNIFIED IDEOGRAPH-99AC}) missing from current font.\n",
      "  plt.savefig('eaborn_heatmap_dataframe.png')\n",
      "C:\\Users\\IRSL27\\AppData\\Local\\Temp\\ipykernel_5448\\1515683530.py:9: UserWarning: Glyph 24066 (\\N{CJK UNIFIED IDEOGRAPH-5E02}) missing from current font.\n",
      "  plt.savefig('eaborn_heatmap_dataframe.png')\n",
      "C:\\Users\\IRSL27\\AppData\\Local\\Temp\\ipykernel_5448\\1515683530.py:9: UserWarning: Glyph 33576 (\\N{CJK UNIFIED IDEOGRAPH-8328}) missing from current font.\n",
      "  plt.savefig('eaborn_heatmap_dataframe.png')\n",
      "C:\\Users\\IRSL27\\AppData\\Local\\Temp\\ipykernel_5448\\1515683530.py:9: UserWarning: Glyph 22478 (\\N{CJK UNIFIED IDEOGRAPH-57CE}) missing from current font.\n",
      "  plt.savefig('eaborn_heatmap_dataframe.png')\n",
      "C:\\Users\\IRSL27\\AppData\\Local\\Temp\\ipykernel_5448\\1515683530.py:9: UserWarning: Glyph 39640 (\\N{CJK UNIFIED IDEOGRAPH-9AD8}) missing from current font.\n",
      "  plt.savefig('eaborn_heatmap_dataframe.png')\n",
      "c:\\Users\\IRSL27\\anaconda3\\lib\\site-packages\\IPython\\core\\pylabtools.py:152: UserWarning: Glyph 20234 (\\N{CJK UNIFIED IDEOGRAPH-4F0A}) missing from current font.\n",
      "  fig.canvas.print_figure(bytes_io, **kw)\n",
      "c:\\Users\\IRSL27\\anaconda3\\lib\\site-packages\\IPython\\core\\pylabtools.py:152: UserWarning: Glyph 21218 (\\N{CJK UNIFIED IDEOGRAPH-52E2}) missing from current font.\n",
      "  fig.canvas.print_figure(bytes_io, **kw)\n",
      "c:\\Users\\IRSL27\\anaconda3\\lib\\site-packages\\IPython\\core\\pylabtools.py:152: UserWarning: Glyph 23822 (\\N{CJK UNIFIED IDEOGRAPH-5D0E}) missing from current font.\n",
      "  fig.canvas.print_figure(bytes_io, **kw)\n",
      "c:\\Users\\IRSL27\\anaconda3\\lib\\site-packages\\IPython\\core\\pylabtools.py:152: UserWarning: Glyph 21069 (\\N{CJK UNIFIED IDEOGRAPH-524D}) missing from current font.\n",
      "  fig.canvas.print_figure(bytes_io, **kw)\n",
      "c:\\Users\\IRSL27\\anaconda3\\lib\\site-packages\\IPython\\core\\pylabtools.py:152: UserWarning: Glyph 27211 (\\N{CJK UNIFIED IDEOGRAPH-6A4B}) missing from current font.\n",
      "  fig.canvas.print_figure(bytes_io, **kw)\n",
      "c:\\Users\\IRSL27\\anaconda3\\lib\\site-packages\\IPython\\core\\pylabtools.py:152: UserWarning: Glyph 22524 (\\N{CJK UNIFIED IDEOGRAPH-57FC}) missing from current font.\n",
      "  fig.canvas.print_figure(bytes_io, **kw)\n",
      "c:\\Users\\IRSL27\\anaconda3\\lib\\site-packages\\IPython\\core\\pylabtools.py:152: UserWarning: Glyph 29577 (\\N{CJK UNIFIED IDEOGRAPH-7389}) missing from current font.\n",
      "  fig.canvas.print_figure(bytes_io, **kw)\n",
      "c:\\Users\\IRSL27\\anaconda3\\lib\\site-packages\\IPython\\core\\pylabtools.py:152: UserWarning: Glyph 26627 (\\N{CJK UNIFIED IDEOGRAPH-6803}) missing from current font.\n",
      "  fig.canvas.print_figure(bytes_io, **kw)\n",
      "c:\\Users\\IRSL27\\anaconda3\\lib\\site-packages\\IPython\\core\\pylabtools.py:152: UserWarning: Glyph 26408 (\\N{CJK UNIFIED IDEOGRAPH-6728}) missing from current font.\n",
      "  fig.canvas.print_figure(bytes_io, **kw)\n",
      "c:\\Users\\IRSL27\\anaconda3\\lib\\site-packages\\IPython\\core\\pylabtools.py:152: UserWarning: Glyph 30476 (\\N{CJK UNIFIED IDEOGRAPH-770C}) missing from current font.\n",
      "  fig.canvas.print_figure(bytes_io, **kw)\n",
      "c:\\Users\\IRSL27\\anaconda3\\lib\\site-packages\\IPython\\core\\pylabtools.py:152: UserWarning: Glyph 32676 (\\N{CJK UNIFIED IDEOGRAPH-7FA4}) missing from current font.\n",
      "  fig.canvas.print_figure(bytes_io, **kw)\n",
      "c:\\Users\\IRSL27\\anaconda3\\lib\\site-packages\\IPython\\core\\pylabtools.py:152: UserWarning: Glyph 39340 (\\N{CJK UNIFIED IDEOGRAPH-99AC}) missing from current font.\n",
      "  fig.canvas.print_figure(bytes_io, **kw)\n",
      "c:\\Users\\IRSL27\\anaconda3\\lib\\site-packages\\IPython\\core\\pylabtools.py:152: UserWarning: Glyph 24066 (\\N{CJK UNIFIED IDEOGRAPH-5E02}) missing from current font.\n",
      "  fig.canvas.print_figure(bytes_io, **kw)\n",
      "c:\\Users\\IRSL27\\anaconda3\\lib\\site-packages\\IPython\\core\\pylabtools.py:152: UserWarning: Glyph 33576 (\\N{CJK UNIFIED IDEOGRAPH-8328}) missing from current font.\n",
      "  fig.canvas.print_figure(bytes_io, **kw)\n",
      "c:\\Users\\IRSL27\\anaconda3\\lib\\site-packages\\IPython\\core\\pylabtools.py:152: UserWarning: Glyph 22478 (\\N{CJK UNIFIED IDEOGRAPH-57CE}) missing from current font.\n",
      "  fig.canvas.print_figure(bytes_io, **kw)\n",
      "c:\\Users\\IRSL27\\anaconda3\\lib\\site-packages\\IPython\\core\\pylabtools.py:152: UserWarning: Glyph 39640 (\\N{CJK UNIFIED IDEOGRAPH-9AD8}) missing from current font.\n",
      "  fig.canvas.print_figure(bytes_io, **kw)\n"
     ]
    },
    {
     "data": {
